4
298
564 567 571 574 578 583 584 588 591 594 596 604 611 619 622 625 632 637 639 640 642 644 650 652 658 660 663 666 667 668 673 674 678 680 683 686 694 699 709 716 717 719 721 723 727 730 736 761 762 763 775 777 778 784 788 791 794 798 806 814 815 816 821 824 826 828 829 834 840 845 851 852 853 854 857 858 860 861 869 872 876 878 887 889 891 893 899 903 911 913 920 929 931 932 933 934 949 950 953 955 956 957 958 961 963 968 970 971 973 977 978 981 982 983 986 988 990 991 992 998 1000 1 3 9 11 12 16 17 18 20 22 30 31 33 38 40 43 51 53 54 58 63 68 70 72 76 82 84 85 87 88 98 100 101 105 110 113 115 117 123 126 127 128 132 134 135 137 141 142 148 150 153 154 155 156 157 160 161 171 172 173 174 175 180 182 184 185 190 193 196 198 199 200 208 212 217 218 224 225 226 232 239 246 255 264 265 267 270 279 281 282 284 286 287 290 296 297 298 299 301 305 306 309 310 311 314 315 324 326 327 335 338 339 342 344 351 352 353 355 356 359 361 362 365 369 377 378 379 383 384 394 399 400 405 413 416 419 422 425 427 429 434 438 440 446 466 469 470 473 475 476 477 483 484 486 488 490 491 492 495 497 507 512 518 526 529 533 536 538 539 540 542 549 552 553 556 560 563
281
57
286 287 313 393 414 425 441 452 454 471 486 494 513 524 537 572 626 669 672 690 692 708 713 765 815 821 839 871 879 885 899 943 946 959 969 984 985 997 5 21 22 25 41 64 66 81 102 119 123 156 165 167 171 187 258 272 277
258
9
5 6 7 8 9 10 1 2 3
10
418
371 376 378 381 383 389 391 393 395 397 400 401 404 407 413 418 419 423 429 430 431 432 433 437 440 441 442 443 446 447 449 451 452 458 459 466 467 468 473 474 477 478 480 484 485 489 493 495 496 501 502 504 505 507 508 509 511 513 514 521 524 527 528 529 530 531 534 535 539 541 543 545 546 550 552 553 554 555 558 559 561 562 565 572 573 574 576 581 583 585 586 587 588 590 592 601 607 608 609 610 611 612 614 615 617 618 620 623 624 625 627 629 631 632 634 637 639 644 651 653 655 656 657 659 661 662 670 680 681 683 686 688 691 693 694 697 698 703 705 706 707 708 712 716 717 718 719 727 729 736 738 742 743 745 747 749 755 758 760 763 764 765 766 767 769 771 772 773 775 778 780 781 783 785 787 791 795 797 798 801 803 806 810 814 815 816 818 819 822 825 826 828 829 830 832 836 837 840 845 848 851 853 859 862 866 867 868 869 872 874 875 879 880 882 883 888 890 893 894 898 899 900 903 905 909 912 913 914 918 922 928 930 935 937 940 944 945 946 947 954 957 959 960 961 963 968 970 971 973 975 976 977 979 982 984 987 989 991 992 993 995 997 3 5 6 9 11 18 20 21 22 27 28 31 33 35 38 39 41 47 49 51 53 54 55 56 58 59 62 67 70 71 73 75 84 89 92 95 97 99 102 108 110 112 117 118 119 121 124 125 126 129 130 131 132 139 140 141 142 143 148 149 150 151 152 153 155 156 158 159 160 161 164 167 168 172 173 174 177 184 187 188 192 194 197 198 200 204 205 206 213 216 220 224 226 229 230 235 239 241 248 250 251 252 253 255 256 257 258 260 261 264 268 272 276 278 280 284 288 290 291 293 296 297 299 301 303 305 307 309 312 317 318 323 324 325 326 327 328 330 336 337 338 340 342 343 347 348 351 353 355 356 359 361 362 364 366 369
970